1.8358e-05
3.4067e-05
6.2072e-05
1.1113e-04
1.9559e-04
3.3862e-04
5.7696e-04
9.6789e-04
1.5992e-03
2.6033e-03
4.1764e-03
6.6046e-03
1.0298e-02
1.5835e-02
2.4018e-02
3.5940e-02
5.3065e-02
7.7327e-02
1.1123e-01
1.5798e-01
2.2159e-01
3.0705e-01
4.2043e-01
5.6901e-01
7.6145e-01
1.0078e+00
1.3197e+00
1.7103e+00
2.1943e+00
2.7875e+00
3.5072e+00
4.3713e+00
5.3981e+00
6.6055e+00
8.0104e+00
9.6275e+00
1.1468e+01
1.3540e+01
1.5845e+01
1.8379e+01
2.1131e+01
2.4083e+01
2.7210e+01
3.0477e+01
3.3847e+01
3.7274e+01
4.0708e+01
4.4096e+01
4.7384e+01
5.0517e+01
5.3442e+01
5.6107e+01
5.8466e+01
6.0477e+01
6.2107e+01
6.3327e+01
6.4119e+01
6.4471e+01
6.4384e+01
6.3864e+01
6.2928e+01
6.1600e+01
5.9911e+01
5.7898e+01
5.5603e+01
5.3068e+01
5.0341e+01
4.7466e+01
4.4489e+01
4.1454e+01
3.8399e+01
3.5363e+01
3.2378e+01
5.7244e+01
5.1838e+01
4.6665e+01
4.1756e+01
3.7133e+01
3.2812e+01
2.8800e+01
2.5102e+01
2.1715e+01
1.8635e+01
1.5856e+01
1.3378e+01
1.1174e+01
9.2329e+00
7.5414e+00
6.0860e+00
4.8510e+00
3.8188e+00
2.9697e+00
2.2826e+00
1.7355e+00
1.3068e+00
9.7572e-01
7.2333e-01
5.3314e-01
3.9122e-01
2.8616e-01
2.0888e-01
1.5231e-01
1.1103e-01
8.0989e-02
5.9143e-02
4.3264e-02
3.1716e-02
2.3308e-02
1.7177e-02
1.2697e-02
9.4156e-03
7.0058e-03
5.2309e-03
3.9197e-03
4.6066e-03
3.4777e-03
2.6353e-03
2.0045e-03
1.5305e-03
1.1730e-03
9.0255e-04
6.9711e-04
5.4051e-04
4.2072e-04
3.2875e-04
2.5789e-04
2.0309e-04
1.6056e-04
1.2742e-04
1.0152e-04
8.1201e-05
6.5197e-05
5.2549e-05
4.2516e-05
3.4529e-05
2.8147e-05
2.3029e-05
1.8909e-05
1.5582e-05
1.2884e-05
1.0689e-05