9.4726e+48
4.8638e+49
2.4073e+50
4.5211e+01
3.9350e+01
3.6931e+01
3.4903e+01
3.3028e+01
3.1295e+01
2.9689e+01
2.8200e+01
2.6818e+01
2.5534e+01
2.4339e+01
3.2408e+00
3.2301e+00
3.2197e+00
3.2097e+00
3.2005e+00
3.1925e+00
3.1881e+00
3.2205e+00
3.2049e+00
3.1975e+00
3.1902e+00
3.1830e+00
3.1766e+00
3.1714e+00
3.1681e+00
3.1671e+00
3.1691e+00
3.1747e+00
3.1848e+00
3.2000e+00
3.2211e+00
3.2490e+00
3.2846e+00
3.3288e+00
3.3825e+00
3.4464e+00
3.5214e+00
3.6078e+00
3.7057e+00
3.8150e+00
3.9348e+00
4.0639e+00
4.2007e+00
4.3427e+00
4.4875e+00
4.6320e+00
4.7732e+00
4.9084e+00
5.0349e+00
5.1505e+00
5.2537e+00
5.3432e+00
5.4188e+00
5.4803e+00
5.5281e+00
5.5629e+00
5.5856e+00
5.5974e+00
5.5994e+00
5.5926e+00
5.5782e+00
5.5573e+00
5.5307e+00
5.4994e+00
5.4640e+00
5.4252e+00
5.3836e+00
5.3397e+00
5.2941e+00
5.2471e+00
5.1992e+00
5.1507e+00
5.1020e+00
5.0535e+00
5.0054e+00
4.9580e+00
4.9116e+00
4.8662e+00
4.8220e+00
4.7791e+00
4.7374e+00
4.6970e+00
4.6578e+00
4.6199e+00
4.5832e+00
4.5477e+00
4.5133e+00
4.4799e+00
4.4477e+00
4.4164e+00
4.3861e+00
4.3568e+00
4.3284e+00
4.3009e+00
4.2742e+00
4.2484e+00
4.2234e+00
4.1992e+00
4.1757e+00
4.1530e+00
4.1310e+00
4.1096e+00
4.0890e+00
4.0689e+00
4.0495e+00
4.0307e+00
4.0125e+00
3.9949e+00
3.9778e+00
3.9612e+00
3.9452e+00
3.9296e+00
3.9146e+00
3.9000e+00
3.8859e+00
3.8723e+00
3.8591e+00
3.8463e+00
3.8339e+00
3.8219e+00
3.8103e+00
3.7991e+00
3.7882e+00
3.7777e+00
3.7676e+00
3.7578e+00
3.7483e+00
3.7391e+00
3.7302e+00
3.7217e+00
3.7134e+00
3.7054e+00
3.6977e+00
3.6902e+00
3.6830e+00
3.6760e+00
3.6692e+00
3.6627e+00
3.6564e+00
3.6503e+00
3.6445e+00
3.6388e+00
3.6332e+00
3.6279e+00
3.6227e+00
3.6177e+00
3.6129e+00
3.6082e+00
3.6036e+00
3.5991e+00
3.5948e+00
3.5906e+00
3.5865e+00
3.5824e+00
3.5785e+00
3.5746e+00
3.5708e+00
3.5671e+00
3.5635e+00
3.5599e+00
3.5563e+00
3.5529e+00
3.5495e+00
3.5462e+00
3.5429e+00
3.5397e+00
3.5365e+00
3.5334e+00
3.5304e+00
3.5274e+00
3.5245e+00
3.5216e+00
3.5187e+00
3.5160e+00
3.5132e+00
3.5106e+00
3.5080e+00
3.5054e+00
3.5029e+00
3.5004e+00
3.4980e+00
3.4957e+00
3.4934e+00
3.4912e+00
3.4890e+00
3.4869e+00
3.4848e+00
3.4828e+00
3.4809e+00
3.4790e+00
3.4771e+00
3.4753e+00
3.4736e+00
3.4719e+00
3.4702e+00
3.4686e+00
3.4670e+00
3.4655e+00
3.4640e+00
3.4626e+00
3.4612e+00
3.4599e+00
3.4586e+00
3.4574e+00
3.4561e+00
3.4550e+00
3.4538e+00
3.4527e+00
3.4517e+00
3.4506e+00
3.4496e+00
2.7267e+00
2.7264e+00
2.7261e+00
2.7258e+00
2.7255e+00
2.7253e+00
2.7251e+00
2.7249e+00
2.7247e+00
2.7245e+00
2.7245e+00
2.7255e+00
2.7266e+00
2.7276e+00
2.7287e+00
2.7298e+00
2.7309e+00
2.7320e+00
2.7331e+00
2.7343e+00
2.7354e+00
2.7365e+00
2.7377e+00
2.7388e+00
2.7399e+00
2.7410e+00
2.7421e+00
2.7432e+00
2.7443e+00
2.7454e+00
2.7464e+00
2.7475e+00
2.7485e+00
2.7495e+00
2.7504e+00
2.7514e+00
2.7523e+00
2.7532e+00
2.7540e+00
2.7549e+00
2.7557e+00
3.1002e+00
3.1030e+00
3.1057e+00
3.1084e+00
3.1110e+00
3.1136e+00
3.1162e+00
3.1188e+00
3.1214e+00
3.1239e+00
3.1264e+00
3.1290e+00
3.1315e+00
3.1340e+00
3.1365e+00
3.1390e+00
3.1415e+00
3.1440e+00
3.1465e+00
3.1490e+00
3.1514e+00
3.1539e+00
3.1564e+00
3.1589e+00
3.1613e+00
3.1638e+00
3.1662e+00
3.1687e+00
3.1711e+00
3.1736e+00
3.1760e+00
3.1785e+00
3.1809e+00
3.1833e+00
3.1857e+00
3.1881e+00
3.1905e+00
3.1928e+00
3.1952e+00
3.1975e+00
3.1999e+00
3.2022e+00
3.2044e+00
3.2067e+00
3.2089e+00
3.2112e+00
3.2133e+00
3.2155e+00
3.2177e+00
3.2198e+00
3.2219e+00
3.2240e+00
3.2260e+00
3.2280e+00
3.2300e+00
3.2320e+00
3.2339e+00
3.2358e+00
3.2377e+00
3.2396e+00
3.2414e+00
3.2432e+00
3.2450e+00
3.2468e+00
3.2485e+00
3.2502e+00
3.2519e+00
3.2536e+00
3.2552e+00
3.2568e+00
3.2584e+00
3.2600e+00
3.2615e+00
3.2631e+00
3.2646e+00
3.2660e+00
3.2675e+00
3.2689e+00
3.2703e+00
3.2717e+00
3.2731e+00
3.2745e+00
3.2758e+00
3.2771e+00
3.2784e+00
3.2797e+00
3.2809e+00
3.2822e+00
3.2834e+00
3.2846e+00
3.2858e+00
3.2869e+00
3.2881e+00
3.2892e+00
3.2903e+00
3.2914e+00
3.2925e+00
3.2936e+00
3.2947e+00
3.2957e+00
3.2967e+00
3.2978e+00
3.2988e+00
3.2997e+00
3.3007e+00
3.3017e+00
3.3026e+00
3.3036e+00
3.3045e+00
3.3054e+00
3.3063e+00
3.3072e+00
3.3081e+00
3.3089e+00
3.3098e+00
3.3106e+00
3.3114e+00
3.3123e+00
3.3131e+00
3.3139e+00
3.3147e+00
3.3155e+00
3.3162e+00
3.3170e+00
3.3177e+00
3.3185e+00
3.3192e+00
3.3199e+00
3.3207e+00
3.3214e+00
3.3221e+00
3.3228e+00
3.3234e+00
3.3241e+00
3.3248e+00
3.3255e+00
3.3261e+00
3.3268e+00
3.3274e+00
3.3280e+00
3.3287e+00
3.3293e+00
3.3299e+00
3.3305e+00
3.3311e+00
3.3317e+00
3.3323e+00
3.3329e+00
3.3334e+00
3.3340e+00
3.3346e+00
3.3351e+00
3.3357e+00
3.3362e+00
3.3368e+00
3.3373e+00
3.3378e+00
3.3383e+00
3.3389e+00
3.3394e+00
3.3399e+00
3.3404e+00
3.3409e+00
3.3414e+00
3.3419e+00
3.3424e+00
3.3428e+00
3.3433e+00
3.3438e+00
3.3442e+00
3.3447e+00
3.3452e+00
3.3456e+00
3.3461e+00
3.3465e+00
3.3470e+00
3.3474e+00
3.3478e+00
3.3483e+00
3.3487e+00
3.3491e+00
3.3495e+00
3.3500e+00
3.3504e+00
3.3508e+00
3.3512e+00
3.3516e+00
3.3520e+00
3.3524e+00
3.3528e+00
3.3532e+00
3.3536e+00
3.3539e+00
3.3543e+00
3.3547e+00
3.3551e+00
3.3554e+00
3.3558e+00
3.3562e+00
3.3565e+00