2.8184e+03
2.8840e+03
2.9512e+03
3.0200e+03
3.0903e+03
3.1623e+03
3.2359e+03
3.3113e+03
3.3884e+03
3.4674e+03
3.5481e+03
3.6308e+03
3.7154e+03
3.8019e+03
3.8905e+03
3.9811e+03
4.0738e+03
4.1687e+03
4.2658e+03
4.3652e+03
4.4668e+03
4.5709e+03
4.6774e+03
4.7863e+03
4.8978e+03
5.0119e+03
5.1286e+03
5.2481e+03
5.3703e+03
5.4954e+03
5.6234e+03
5.7544e+03
5.8884e+03
6.0256e+03
6.1660e+03
6.3096e+03
6.4565e+03
6.6069e+03
6.7608e+03
6.9183e+03
7.0795e+03
7.2444e+03
7.4131e+03
7.5858e+03
7.7625e+03
7.9433e+03
8.1283e+03
8.3176e+03
8.5114e+03
8.7096e+03
8.9125e+03
9.1201e+03
9.3325e+03
9.5499e+03
9.7724e+03
1.0000e+04
1.0233e+04
1.0471e+04
1.0715e+04
1.0965e+04
1.1220e+04
1.1482e+04
1.1749e+04
1.2023e+04
1.2303e+04
1.2589e+04
1.2882e+04
1.3183e+04
1.3490e+04
1.3804e+04
1.4125e+04
1.4454e+04
1.4791e+04
1.5136e+04
1.5488e+04
1.5849e+04
1.6218e+04
1.6596e+04
1.6982e+04
1.7378e+04
1.7783e+04
1.8197e+04
1.8621e+04
1.9055e+04
1.9498e+04
1.9953e+04
2.0417e+04
2.0893e+04
2.1380e+04
2.1878e+04
2.2387e+04
2.2909e+04
2.3442e+04
2.3988e+04
2.4547e+04
2.5119e+04
2.5704e+04
2.6303e+04
2.6915e+04
2.7542e+04
2.8184e+04
2.8840e+04
2.9512e+04
3.0200e+04
3.0903e+04
3.1623e+04
3.2359e+04
3.3113e+04
3.3884e+04
3.4674e+04
3.5481e+04
3.6308e+04
3.7154e+04
3.8019e+04
3.8905e+04
3.9811e+04
4.0738e+04
4.1687e+04
4.2658e+04
4.3652e+04
4.4668e+04
4.5709e+04
4.6774e+04
4.7863e+04
4.8978e+04
5.0119e+04
5.1286e+04
5.2481e+04
5.3703e+04
5.4954e+04
5.6234e+04
5.7544e+04
5.8884e+04
6.0256e+04
6.1660e+04
6.3096e+04
6.4565e+04
6.6069e+04
6.7608e+04
6.9183e+04
7.0795e+04
7.2444e+04
7.4131e+04
7.5858e+04
7.7625e+04
7.9433e+04
8.1283e+04
8.3176e+04
8.5114e+04
8.7096e+04
8.9125e+04
9.1201e+04
9.3325e+04
9.5499e+04
9.7724e+04
1.0000e+05
1.0233e+05
1.0471e+05
1.0715e+05
1.0965e+05
1.1220e+05
1.1482e+05
1.1749e+05
1.2023e+05
1.2303e+05
1.2589e+05
1.2882e+05
1.3183e+05
1.3490e+05
1.3804e+05
1.4125e+05
1.4454e+05
1.4791e+05
1.5136e+05
1.5488e+05
1.5849e+05
1.6218e+05
1.6596e+05
1.6982e+05
1.7378e+05
1.7783e+05
1.8197e+05
1.8621e+05
1.9055e+05
1.9498e+05
1.9953e+05
2.0417e+05
2.0893e+05
2.1380e+05
2.1878e+05
2.2387e+05
2.2909e+05
2.3442e+05
2.3988e+05
2.4547e+05
2.5119e+05
2.5704e+05
2.6303e+05
2.6915e+05
2.7542e+05
2.8184e+05
2.8840e+05
2.9512e+05
3.0200e+05
3.0903e+05
3.1623e+05
3.2359e+05
3.3113e+05
3.3884e+05
3.4674e+05
3.5481e+05
3.6308e+05
3.7154e+05
3.8019e+05
3.8905e+05
3.9811e+05
4.0738e+05
4.1687e+05
4.2658e+05
4.3652e+05
4.4668e+05
4.5709e+05
4.6774e+05
4.7863e+05
4.8978e+05
5.0119e+05
5.1286e+05
5.2481e+05
5.3703e+05
5.4954e+05
5.6234e+05
5.7544e+05
5.8884e+05
6.0256e+05
6.1660e+05
6.3096e+05
6.4565e+05
6.6069e+05
6.7608e+05
6.9183e+05
7.0795e+05
7.2444e+05
7.4131e+05
7.5858e+05
7.7625e+05
7.9433e+05
8.1283e+05
8.3176e+05
8.5114e+05
8.7096e+05
8.9125e+05
9.1201e+05
9.3325e+05
9.5499e+05
9.7724e+05
1.0000e+06
1.0233e+06
1.0471e+06
1.0715e+06
1.0965e+06
1.1220e+06
1.1482e+06
1.1749e+06
1.2023e+06
1.2303e+06
1.2589e+06
1.2882e+06
1.3183e+06
1.3490e+06
1.3804e+06
1.4125e+06
1.4454e+06
1.4791e+06
1.5136e+06
1.5488e+06
1.5849e+06
1.6218e+06
1.6596e+06
1.6982e+06
1.7378e+06
1.7783e+06
1.8197e+06
1.8621e+06
1.9055e+06
1.9498e+06
1.9953e+06
2.0417e+06
2.0893e+06
2.1380e+06
2.1878e+06
2.2387e+06
2.2909e+06
2.3442e+06
2.3988e+06
2.4547e+06
2.5119e+06
2.5704e+06
2.6303e+06
2.6915e+06
2.7542e+06
2.8184e+06
2.8840e+06
2.9512e+06
3.0200e+06
3.0903e+06
3.1623e+06
3.2359e+06
3.3113e+06
3.3884e+06
3.4674e+06
3.5481e+06
3.6308e+06
3.7154e+06
3.8019e+06
3.8905e+06
3.9811e+06
4.0738e+06
4.1687e+06
4.2658e+06
4.3652e+06
4.4668e+06
4.5709e+06
4.6774e+06
4.7863e+06
4.8978e+06
5.0119e+06
5.1286e+06
5.2481e+06
5.3703e+06
5.4954e+06
5.6234e+06
5.7544e+06
5.8884e+06
6.0256e+06
6.1660e+06
6.3096e+06
6.4565e+06
6.6069e+06
6.7608e+06
6.9183e+06
7.0795e+06
7.2444e+06
7.4131e+06
7.5858e+06
7.7625e+06
7.9433e+06
8.1283e+06
8.3176e+06
8.5114e+06
8.7096e+06
8.9125e+06
9.1201e+06
9.3325e+06
9.5499e+06
9.7724e+06
1.0000e+07
1.0233e+07
1.0471e+07
1.0715e+07
1.0965e+07
1.1220e+07
1.1482e+07
1.1749e+07
1.2023e+07
1.2303e+07
1.2589e+07
1.2882e+07
1.3183e+07
1.3490e+07
1.3804e+07
1.4125e+07
1.4454e+07
1.4791e+07
1.5136e+07
1.5488e+07
1.5849e+07
1.6218e+07
1.6596e+07
1.6982e+07
1.7378e+07
1.7783e+07
1.8197e+07
1.8621e+07
1.9055e+07
1.9498e+07
1.9953e+07
2.0417e+07
2.0893e+07
2.1380e+07
2.1878e+07
2.2387e+07
2.2909e+07
2.3442e+07
2.3988e+07
2.4547e+07
2.5119e+07
2.5704e+07
2.6303e+07
2.6915e+07
2.7542e+07
2.8184e+07
2.8840e+07
2.9512e+07
3.0200e+07
3.0903e+07
3.1623e+07
3.2359e+07
3.3113e+07
3.3884e+07
3.4674e+07
3.5481e+07
3.6308e+07
3.7154e+07
3.8019e+07
3.8905e+07
3.9811e+07
4.0738e+07
4.1687e+07
4.2658e+07
4.3652e+07
4.4668e+07
4.5709e+07
4.6774e+07
4.7863e+07
4.8978e+07
5.0119e+07
5.1286e+07
5.2481e+07
5.3703e+07
5.4954e+07
5.6234e+07
5.7544e+07
5.8884e+07
6.0256e+07
6.1660e+07
6.3096e+07
6.4565e+07
6.6069e+07
6.7608e+07
6.9183e+07
7.0795e+07
7.2444e+07
7.4131e+07
7.5858e+07
7.7625e+07
7.9433e+07
8.1283e+07
8.3176e+07
8.5114e+07
8.7096e+07
8.9125e+07
9.1201e+07
9.3325e+07
9.5499e+07
9.7724e+07
1.0000e+08