4.4799e+00
4.4477e+00
4.4164e+00
4.3861e+00
4.3568e+00
4.3284e+00
4.3009e+00
4.2742e+00
4.2484e+00
4.2234e+00
4.1992e+00
4.1757e+00
4.1530e+00
4.1310e+00
4.1096e+00
4.0890e+00
4.0689e+00
4.0495e+00
4.0307e+00
4.0125e+00
3.9949e+00
3.9778e+00
3.9612e+00
3.9452e+00
3.9296e+00
3.9146e+00
3.9000e+00
3.8859e+00
3.8723e+00
3.8591e+00
3.8463e+00
3.8339e+00
3.8219e+00
3.8103e+00
3.7991e+00
3.7882e+00
3.7777e+00
3.7676e+00
3.7578e+00
3.7483e+00
3.7391e+00
3.7302e+00
3.7217e+00
3.7134e+00
3.7054e+00
3.6977e+00
3.6902e+00
3.6830e+00
3.6760e+00
3.6692e+00
3.6627e+00
3.6564e+00
3.6503e+00
3.6445e+00
3.6388e+00
3.6332e+00
3.6279e+00
3.6227e+00
3.6177e+00
3.6129e+00
3.6082e+00
3.6036e+00
3.5991e+00
3.5948e+00
3.5906e+00
3.5865e+00
3.5824e+00
3.5785e+00
3.5746e+00
3.5708e+00
3.5671e+00
3.5635e+00
3.5599e+00
3.5563e+00
3.5529e+00
3.5495e+00
3.5462e+00
3.5429e+00
3.5397e+00
3.5365e+00
3.5334e+00
3.5304e+00
3.5274e+00
3.5245e+00
3.5216e+00
3.5187e+00
3.5160e+00
3.5132e+00
3.5106e+00
3.5080e+00
3.5054e+00
3.5029e+00
3.5004e+00
3.4980e+00
3.4957e+00
3.4934e+00
3.4912e+00
3.4890e+00
3.4869e+00
3.4848e+00
3.4828e+00
3.4809e+00
3.4790e+00
3.4771e+00
3.4753e+00
3.4736e+00
3.4719e+00
3.4702e+00
3.4686e+00
3.4670e+00
3.4655e+00
3.4640e+00
3.4626e+00
3.4612e+00
3.4599e+00
3.4586e+00
3.4574e+00
3.4561e+00
3.4550e+00
3.4538e+00
3.4527e+00
3.4517e+00
3.4506e+00
3.4496e+00
2.7267e+00
2.7264e+00
2.7261e+00
2.7258e+00
2.7255e+00
2.7253e+00
2.7251e+00
2.7249e+00
2.7247e+00
2.7245e+00
2.7245e+00
2.7255e+00
2.7266e+00
2.7276e+00
2.7287e+00
2.7298e+00
2.7309e+00
2.7320e+00
2.7331e+00
2.7343e+00
2.7354e+00
2.7365e+00
2.7377e+00
2.7388e+00
2.7399e+00