4.5404e-23
4.4034e-23
4.2666e-23
4.1317e-23
4.0002e-23
3.8730e-23
3.7504e-23
3.6328e-23
3.5199e-23
3.4112e-23
3.3063e-23
3.2045e-23
3.1053e-23
3.0081e-23
2.9127e-23
2.8190e-23
2.7269e-23
2.6366e-23
2.5482e-23
2.4618e-23
2.3776e-23
2.2957e-23
2.2163e-23
2.1392e-23
2.0647e-23
1.9927e-23
1.9231e-23
1.8559e-23
1.7911e-23
1.7287e-23
1.6685e-23
1.6105e-23
1.5547e-23
1.5010e-23
1.4492e-23
1.3995e-23
1.3516e-23
1.3056e-23
1.2614e-23
1.2190e-23
1.1783e-23
1.1393e-23
1.1019e-23
1.0661e-23
1.0320e-23
9.9934e-24
9.6822e-24
9.3854e-24
9.1024e-24
8.8323e-24
8.5742e-24
8.3268e-24
8.0890e-24
7.8596e-24
7.6374e-24
7.4213e-24
7.2105e-24
7.0044e-24
6.8025e-24
6.6047e-24
6.4108e-24
6.2209e-24
6.0350e-24
5.8531e-24
5.6756e-24
5.5023e-24
5.3335e-24
5.1691e-24
5.0093e-24
4.8539e-24
4.7029e-24
4.5564e-24
4.4143e-24
4.2765e-24
4.1428e-24
4.0134e-24
3.8879e-24
3.7664e-24
3.6488e-24
3.5348e-24
3.4245e-24
3.3176e-24
3.2142e-24
3.1141e-24
3.0171e-24
2.9232e-24
2.8324e-24
2.7444e-24
2.6593e-24
2.5769e-24
2.4972e-24
2.4200e-24
2.3453e-24
2.2731e-24
2.2031e-24
2.1354e-24
2.0699e-24
2.0065e-24
1.9451e-24
1.8857e-24
1.8282e-24
1.7725e-24
1.7185e-24
1.6663e-24
1.6157e-24
1.5667e-24
1.5193e-24
1.4733e-24
1.4288e-24
1.3857e-24
1.3439e-24
1.3034e-24
1.2642e-24
1.2262e-24
1.1894e-24
1.1537e-24
1.1192e-24
1.0857e-24
1.0532e-24
1.0217e-24
9.9123e-25
9.6168e-25
9.3303e-25
9.0527e-25
4.5224e-25
4.3852e-25
4.2523e-25
4.1236e-25
3.9989e-25
3.8782e-25
3.7612e-25
3.6480e-25
3.5382e-25
3.4320e-25
3.3287e-25
3.2256e-25
3.1259e-25
3.0294e-25
2.9361e-25
2.8457e-25
2.7582e-25
2.6736e-25
2.5916e-25
2.5123e-25
2.4354e-25
2.3611e-25
2.2890e-25
2.2193e-25
2.1517e-25