1.6640e-05
3.0130e-05
5.3519e-05
9.3400e-05
1.6045e-04
2.7192e-04
4.5567e-04
7.5678e-04
1.2482e-03
2.0479e-03
3.3455e-03
5.4435e-03
8.8187e-03
1.4211e-02
2.2750e-02
3.6115e-02
5.6753e-02
8.8126e-02
1.3499e-01
2.0367e-01
3.0234e-01
4.4115e-01
6.3232e-01
8.9009e-01
1.2305e+00
1.6708e+00
2.2295e+00
2.9250e+00
3.7755e+00
4.7983e+00
6.0086e+00
7.4192e+00
9.0397e+00
1.0876e+01
1.2930e+01
1.5198e+01
1.7673e+01
2.0356e+01
2.3228e+01
2.6260e+01
2.9432e+01
3.2721e+01
3.6103e+01
3.9556e+01
4.3055e+01
4.6577e+01
5.0098e+01
5.3595e+01
5.7045e+01
6.0424e+01
6.3708e+01
6.6870e+01
6.9883e+01
7.2720e+01
7.5350e+01
7.7745e+01
7.9871e+01
8.1700e+01
8.3202e+01
8.4351e+01
8.5122e+01
8.5498e+01
8.5467e+01
8.5024e+01
8.4171e+01
8.2920e+01
8.1288e+01
7.9302e+01
7.6994e+01
7.4401e+01
7.1565e+01
6.8529e+01
6.5334e+01
6.2025e+01
5.8640e+01
5.5217e+01
5.1790e+01
4.8390e+01
4.5042e+01
4.1770e+01
3.8592e+01
3.5524e+01
3.2580e+01
2.9770e+01
2.7102e+01
2.4582e+01
2.2214e+01
2.0000e+01
1.7940e+01
1.6034e+01
1.4278e+01
1.2668e+01
1.1199e+01
9.8657e+00
8.6598e+00
7.5738e+00
6.5995e+00
5.7284e+00
4.9520e+00
4.2620e+00
3.6504e+00
3.1096e+00
2.6327e+00
2.2133e+00
1.8459e+00
1.5256e+00
1.2480e+00
1.0094e+00
8.0650e-01
6.3607e-01
4.9502e-01
3.8017e-01
2.8827e-01
2.1601e-01
1.6015e-01
1.1766e-01
8.5783e-02
6.2170e-02
4.4855e-02
3.2263e-02
2.3164e-02
1.6618e-02
1.1924e-02
8.5641e-03
1.1965e-02
8.6307e-03
6.2409e-03
4.5256e-03
3.2917e-03
2.4021e-03
1.7589e-03
1.2924e-03
9.5304e-04
7.0535e-04
5.2400e-04
3.9107e-04
2.9293e-04
2.2022e-04
1.6617e-04
1.2584e-04
9.5637e-05
7.2946e-05
5.5837e-05
4.2892e-05
3.3065e-05
2.5579e-05
1.9857e-05
1.5469e-05
1.2093e-05