3.2301e+00
3.2197e+00
3.2097e+00
3.2005e+00
3.1925e+00
3.1881e+00
3.2205e+00
3.2049e+00
3.1975e+00
3.1902e+00
3.1830e+00
3.1766e+00
3.1714e+00
3.1681e+00
3.1671e+00
3.1691e+00
3.1747e+00
3.1848e+00
3.2000e+00
3.2211e+00
3.2490e+00
3.2846e+00
3.3288e+00
3.3825e+00
3.4464e+00
3.5214e+00
3.6078e+00
3.7057e+00
3.8150e+00
3.9348e+00
4.0639e+00
4.2007e+00
4.3427e+00
4.4875e+00
4.6320e+00
4.7732e+00
4.9084e+00
5.0349e+00
5.1505e+00
5.2537e+00
5.3432e+00
5.4188e+00
5.4803e+00
5.5281e+00
5.5629e+00
5.5856e+00
5.5974e+00
5.5994e+00
5.5926e+00
5.5782e+00
5.5573e+00
5.5307e+00
5.4994e+00
5.4640e+00
5.4252e+00
5.3836e+00
5.3397e+00
5.2941e+00
5.2471e+00
5.1992e+00
5.1507e+00
5.1020e+00
5.0535e+00
5.0054e+00
4.9580e+00
4.9116e+00
4.8662e+00
4.8220e+00
4.7791e+00
4.7374e+00
4.6970e+00
4.6578e+00
4.6199e+00
4.5832e+00
4.5477e+00
4.5133e+00
4.4799e+00
4.4477e+00
4.4164e+00
4.3861e+00
4.3568e+00
4.3284e+00
4.3009e+00
4.2742e+00
4.2484e+00
4.2234e+00
4.1992e+00
4.1757e+00
4.1530e+00
4.1310e+00
4.1096e+00
4.0890e+00
4.0689e+00
4.0495e+00
4.0307e+00
4.0125e+00
3.9949e+00
3.9778e+00
3.9612e+00
3.9452e+00
3.9296e+00
3.9146e+00
3.9000e+00
3.8859e+00
3.8723e+00
3.8591e+00
3.8463e+00
3.8339e+00
3.8219e+00
3.8103e+00
3.7991e+00
3.7882e+00
3.7777e+00
3.7676e+00
3.7578e+00
3.7483e+00
3.7391e+00
3.7302e+00
3.7217e+00
3.7134e+00
3.7054e+00
3.6977e+00
3.6902e+00
3.6830e+00
3.6760e+00
3.6692e+00
3.6627e+00
3.6564e+00
3.6503e+00
3.6445e+00
3.6388e+00
3.6332e+00
3.6279e+00
3.6227e+00
3.6177e+00
3.6129e+00
3.6082e+00
3.6036e+00
3.5991e+00
3.5948e+00
3.5906e+00
3.5865e+00
3.5824e+00
3.5785e+00
3.5746e+00
3.5708e+00
3.5671e+00
3.5635e+00
3.5599e+00
3.5563e+00
3.5529e+00
3.5495e+00
3.5462e+00
3.5429e+00
3.5397e+00
3.5365e+00
3.5334e+00
3.5304e+00
3.5274e+00
3.5245e+00
3.5216e+00
3.5187e+00
3.5160e+00
3.5132e+00
3.5106e+00
3.5080e+00
3.5054e+00
3.5029e+00
3.5004e+00
3.4980e+00
3.4957e+00
3.4934e+00
3.4912e+00
3.4890e+00
3.4869e+00
3.4848e+00
3.4828e+00
3.4809e+00
3.4790e+00
3.4771e+00
3.4753e+00
3.4736e+00
3.4719e+00
3.4702e+00
3.4686e+00
3.4670e+00
3.4655e+00
3.4640e+00