7.1118e-35
1.1930e-34
1.9477e-34
3.0751e-34
4.6410e-34
6.5514e-34
8.2860e-34
8.5562e-34
5.5469e-34
3.9203e-34
8.2728e-34
1.7143e-33
3.4932e-33
7.0062e-33
1.3837e-32
2.6921e-32
5.1626e-32
9.7631e-32
1.8216e-31
3.3552e-31
6.1035e-31
1.0972e-30
1.9504e-30
3.4303e-30
5.9732e-30
1.0305e-29
1.7625e-29
2.9907e-29
5.0386e-29
8.4338e-29
1.4035e-28
2.3233e-28
3.8278e-28
6.2795e-28
1.0260e-27
1.6700e-27
2.7077e-27
4.3731e-27
7.0339e-27
1.1263e-26
1.7949e-26
2.8448e-26
4.4825e-26
7.0184e-26
1.0913e-25
1.6843e-25
2.5788e-25
3.9145e-25
5.8878e-25
8.7692e-25
1.2923e-24
1.8829e-24
2.7095e-24
3.8460e-24
5.3769e-24
7.3901e-24
9.9648e-24
1.3152e-23
1.6950e-23
2.1286e-23
2.6005e-23
3.0880e-23
3.5641e-23
4.0027e-23
4.3825e-23
4.6899e-23
4.9201e-23
5.0752e-23
5.1624e-23
5.1915e-23
5.1730e-23
5.1170e-23
5.0326e-23
4.9273e-23
4.8075e-23
4.6781e-23
4.5432e-23
4.4057e-23
4.2682e-23
4.1324e-23
3.9996e-23
3.8708e-23
3.7465e-23
3.6268e-23
3.5118e-23
3.4010e-23
3.2939e-23
3.1901e-23
3.0891e-23
2.9904e-23
2.8938e-23
2.7992e-23
2.7065e-23
2.6159e-23
2.5273e-23
2.4409e-23
2.3569e-23
2.2753e-23
2.1962e-23
2.1196e-23
2.0454e-23
1.9738e-23
1.9046e-23
1.8379e-23
1.7736e-23
1.7116e-23
1.6518e-23
1.5943e-23
1.5388e-23
1.4855e-23
1.4341e-23
1.3847e-23
1.3372e-23
1.2915e-23
1.2476e-23
1.2055e-23
1.1650e-23
1.1262e-23
1.0889e-23
1.0533e-23
1.0192e-23
9.8661e-24
9.5548e-24
9.2574e-24
8.9734e-24
8.7019e-24
8.4421e-24
8.1930e-24
7.9533e-24
7.7222e-24
7.4985e-24
7.2813e-24
7.0698e-24
6.8636e-24
6.6621e-24
6.4652e-24
6.2727e-24
6.0845e-24
5.9007e-24
5.7214e-24
5.5465e-24
5.3762e-24
5.2104e-24
5.0491e-24
4.8924e-24
4.7402e-24
4.5925e-24
4.4492e-24
4.3102e-24
4.1755e-24
4.0449e-24
3.9184e-24
3.7959e-24
3.6772e-24
3.5623e-24
3.4510e-24
3.3432e-24
3.2389e-24
3.1379e-24
3.0402e-24
2.9455e-24
2.8539e-24
2.7652e-24
2.6794e-24
2.5963e-24
2.5158e-24
2.4380e-24
2.3627e-24
2.2898e-24
2.2192e-24
2.1510e-24
2.0849e-24
2.0209e-24
1.9591e-24
1.8991e-24
1.8411e-24
1.7850e-24
1.7306e-24
1.6780e-24
1.6270e-24
1.5777e-24
1.5298e-24
1.4835e-24
1.4387e-24
1.3952e-24
1.3532e-24
1.3124e-24
1.2729e-24