2.6106e-02
3.1718e-02
3.8374e-02
4.6236e-02
5.5484e-02
6.6320e-02
7.8962e-02
9.3641e-02
1.1053e-01
1.2978e-01
1.5213e-01
1.7774e-01
2.0697e-01
2.4021e-01
2.7785e-01
3.2029e-01
3.6793e-01
4.2114e-01
4.8026e-01
5.4560e-01
6.1736e-01
6.9565e-01
7.8043e-01
8.7146e-01
9.6828e-01
1.0701e+00
1.1759e+00
1.2843e+00
1.3936e+00
1.5017e+00
1.6063e+00
1.7050e+00
1.7955e+00
1.8755e+00
1.9430e+00
1.9964e+00
2.0349e+00
2.0579e+00
2.0656e+00
2.0588e+00
2.0386e+00
2.0063e+00
1.9635e+00
1.9121e+00
1.8539e+00
1.7904e+00
1.7232e+00
1.6539e+00
1.5837e+00
1.5138e+00
1.4453e+00
1.3792e+00
1.3162e+00
1.2574e+00
1.2033e+00
1.1547e+00
1.1123e+00
1.0769e+00
1.0490e+00
1.0292e+00
1.0182e+00
1.0164e+00
1.0240e+00
1.0412e+00
1.0678e+00
1.1037e+00
1.1485e+00
1.2018e+00
1.2630e+00
1.3318e+00
1.4076e+00
1.4900e+00
1.5787e+00
1.6731e+00
1.7731e+00
1.8782e+00
1.9885e+00
2.1035e+00
2.2232e+00
2.3476e+00
2.4763e+00
2.6094e+00
2.7467e+00
2.8879e+00
3.0327e+00
3.1807e+00
3.3314e+00
3.4840e+00
3.6374e+00
3.7905e+00
3.9416e+00
4.0885e+00
4.2292e+00
4.3610e+00
4.4813e+00
4.5876e+00
4.6775e+00
4.7492e+00
4.8014e+00
4.8299e+00
4.8368e+00
4.8239e+00
4.7924e+00
4.7435e+00
4.6787e+00
4.5993e+00
4.5065e+00
4.4015e+00
4.2859e+00
4.1607e+00
4.0272e+00
3.8869e+00
3.7411e+00
3.5912e+00
3.4388e+00
3.2849e+00
3.1310e+00
2.9779e+00
2.8266e+00
2.6780e+00
2.5325e+00
2.3906e+00
2.2526e+00
2.1188e+00
1.9892e+00
1.8639e+00
1.7430e+00
1.6263e+00
1.5138e+00
1.4055e+00
1.3015e+00
1.2016e+00
1.1061e+00
1.0150e+00
9.2844e-01
8.4644e-01
7.6912e-01
6.9652e-01
6.2867e-01
5.6559e-01
5.0723e-01
4.5343e-01
4.0413e-01
3.5915e-01
3.1831e-01
2.8138e-01
2.4813e-01
2.1829e-01
1.9161e-01
1.6783e-01
1.4668e-01
1.2792e-01
1.1132e-01
9.6636e-02
8.3676e-02
7.2241e-02
6.2156e-02
5.3266e-02
4.5432e-02
3.8532e-02
3.2462e-02
2.7132e-02
2.2468e-02
1.8408e-02
1.4902e-02
1.1906e-02
9.3800e-03
7.2835e-03
5.5741e-03
4.2069e-03
3.1342e-03
2.3083e-03
1.6833e-03
1.2176e-03
8.7508e-04
6.2597e-04
4.4633e-04
3.1766e-04
2.2590e-04
1.6067e-04
1.1438e-04
8.1561e-05
5.8275e-05
4.1740e-05
2.9979e-05
2.1597e-05
1.5608e-05
1.1318e-05