1.3197e-05
2.2756e-05
3.8863e-05
6.5870e-05
1.1098e-04
1.8608e-04
3.1054e-04
5.1572e-04
8.5144e-04
1.3956e-03
2.2671e-03
3.6439e-03
5.7840e-03
9.0522e-03
1.3948e-02
2.1133e-02
3.1458e-02
4.5980e-02
6.5969e-02
9.2910e-02
1.2848e-01
1.7451e-01
2.3295e-01
3.0582e-01
3.9515e-01
5.0288e-01
6.3081e-01
7.8053e-01
9.5332e-01
1.1501e+00
1.3714e+00
1.6173e+00
1.8885e+00
2.1840e+00
2.5016e+00
2.8397e+00
3.1966e+00
3.5703e+00
3.9585e+00
4.3590e+00
4.7694e+00
5.1872e+00
5.6097e+00
6.0343e+00
6.4582e+00
6.8782e+00
7.2911e+00
7.6934e+00
8.0814e+00
8.4510e+00
8.7981e+00
9.1184e+00
9.4074e+00
9.6609e+00
9.8746e+00
1.0045e+01
1.0168e+01
1.0242e+01
1.0265e+01
1.0236e+01
1.0156e+01
1.0025e+01
9.8470e+00
9.6239e+00
9.3603e+00
9.0606e+00
8.7298e+00
8.3733e+00
7.9960e+00
7.6033e+00
7.1999e+00
6.7903e+00
6.3786e+00
5.9685e+00
5.5633e+00
5.1658e+00
4.7785e+00
4.4035e+00
4.0425e+00
3.6971e+00
3.3683e+00
3.0571e+00
2.7641e+00
2.4897e+00
2.2342e+00
1.9974e+00
1.7791e+00
1.5788e+00
1.3960e+00
1.2298e+00
1.0794e+00
9.4377e-01
8.2196e-01
7.1291e-01
6.1555e-01
5.2888e-01
4.5192e-01
3.8376e-01
3.2358e-01
2.7065e-01
2.2431e-01
1.8400e-01
1.4922e-01
1.1954e-01
9.4516e-02
7.3741e-02
5.6771e-02
4.3150e-02
3.2409e-02
2.4083e-02
1.7732e-02
1.2956e-02
9.4099e-03
6.8033e-03
4.9033e-03
3.5274e-03
2.5355e-03
1.8228e-03
1.3116e-03
1.8357e-03
1.3265e-03
9.6084e-04
6.9792e-04
5.0848e-04
3.7165e-04
2.7256e-04
2.0058e-04
1.4813e-04
1.0979e-04
8.1683e-05
6.1046e-05
4.5789e-05
3.4470e-05
2.6043e-05
1.9747e-05
1.5027e-05
1.1475e-05