2.5704e+04
2.6303e+04
2.6915e+04
2.7542e+04
2.8184e+04
2.8840e+04
2.9512e+04
3.0200e+04
3.0903e+04
3.1623e+04
3.2359e+04
3.3113e+04
3.3884e+04
3.4674e+04
3.5481e+04
3.6308e+04
3.7154e+04
3.8019e+04
3.8905e+04
3.9811e+04
4.0738e+04
4.1687e+04
4.2658e+04
4.3652e+04
4.4668e+04
4.5709e+04
4.6774e+04
4.7863e+04
4.8978e+04
5.0119e+04
5.1286e+04
5.2481e+04
5.3703e+04
5.4954e+04
5.6234e+04
5.7544e+04
5.8884e+04
6.0256e+04
6.1660e+04
6.3096e+04
6.4565e+04
6.6069e+04
6.7608e+04
6.9183e+04
7.0795e+04
7.2444e+04
7.4131e+04
7.5858e+04
7.7625e+04
7.9433e+04
8.1283e+04
8.3176e+04
8.5114e+04
8.7096e+04
8.9125e+04
9.1201e+04
9.3325e+04
9.5499e+04
9.7724e+04
1.0000e+05
1.0233e+05
1.0471e+05
1.0715e+05
1.0965e+05
1.1220e+05
1.1482e+05
1.1749e+05
1.2023e+05
1.2303e+05
1.2589e+05
1.2882e+05
1.3183e+05
1.3490e+05
1.3804e+05
1.4125e+05
1.4454e+05
1.4791e+05
1.5136e+05
1.5488e+05
1.5849e+05
1.6218e+05
1.6596e+05
1.6982e+05
1.7378e+05
1.7783e+05
1.8197e+05
1.8621e+05
1.9055e+05
1.9498e+05
1.9953e+05
2.0417e+05
2.0893e+05
2.1380e+05
2.1878e+05
2.2387e+05
2.2909e+05
2.3442e+05
2.3988e+05
2.4547e+05
2.5119e+05
2.5704e+05
2.6303e+05
2.6915e+05
2.7542e+05
2.8184e+05
2.8840e+05
2.9512e+05
3.0200e+05
3.0903e+05
3.1623e+05
3.2359e+05
3.3113e+05
3.3884e+05
3.4674e+05
3.5481e+05
3.6308e+05
3.7154e+05
3.8019e+05
3.8905e+05
3.9811e+05
4.0738e+05
4.1687e+05
4.2658e+05
4.3652e+05
4.4668e+05
4.5709e+05
4.6774e+05
4.7863e+05
4.8978e+05
5.0119e+05
5.1286e+05
5.2481e+05
5.3703e+05
5.4954e+05
5.6234e+05
5.7544e+05
5.8884e+05