2.5482e-23
2.4618e-23
2.3776e-23
2.2957e-23
2.2163e-23
2.1392e-23
2.0647e-23
1.9927e-23
1.9231e-23
1.8559e-23
1.7911e-23
1.7287e-23
1.6685e-23
1.6105e-23
1.5547e-23
1.5010e-23
1.4492e-23
1.3995e-23
1.3516e-23
1.3056e-23
1.2614e-23
1.2190e-23
1.1783e-23
1.1393e-23
1.1019e-23
1.0661e-23
1.0320e-23
9.9934e-24
9.6822e-24
9.3854e-24
9.1024e-24
8.8323e-24
8.5742e-24
8.3268e-24
8.0890e-24
7.8596e-24
7.6374e-24
7.4213e-24
7.2105e-24
7.0044e-24
6.8025e-24
6.6047e-24
6.4108e-24
6.2209e-24
6.0350e-24
5.8531e-24
5.6756e-24
5.5023e-24
5.3335e-24
5.1691e-24
5.0093e-24
4.8539e-24
4.7029e-24
4.5564e-24
4.4143e-24
4.2765e-24
4.1428e-24
4.0134e-24
3.8879e-24
3.7664e-24
3.6488e-24
3.5348e-24
3.4245e-24
3.3176e-24
3.2142e-24
3.1141e-24
3.0171e-24
2.9232e-24
2.8324e-24
2.7444e-24
2.6593e-24
2.5769e-24
2.4972e-24
2.4200e-24
2.3453e-24
2.2731e-24
2.2031e-24
2.1354e-24
2.0699e-24
2.0065e-24
1.9451e-24
1.8857e-24
1.8282e-24
1.7725e-24
1.7185e-24
1.6663e-24
1.6157e-24
1.5667e-24
1.5193e-24
1.4733e-24
1.4288e-24
1.3857e-24
1.3439e-24
1.3034e-24
1.2642e-24
1.2262e-24
1.1894e-24
1.1537e-24
1.1192e-24
1.0857e-24
1.0532e-24
1.0217e-24
9.9123e-25
9.6168e-25
9.3303e-25
9.0527e-25
4.5224e-25
4.3852e-25
4.2523e-25
4.1236e-25
3.9989e-25
3.8782e-25
3.7612e-25
3.6480e-25
3.5382e-25
3.4320e-25
3.3287e-25
3.2256e-25
3.1259e-25
3.0294e-25
2.9361e-25
2.8457e-25
2.7582e-25
2.6736e-25
2.5916e-25
2.5123e-25
2.4354e-25
2.3611e-25
2.2890e-25
2.2193e-25
2.1517e-25
2.0862e-25
2.0228e-25
1.9614e-25
1.9019e-25
1.8442e-25
1.7883e-25
1.7341e-25
1.6816e-25
1.6308e-25
1.5814e-25
1.5336e-25
1.4873e-25
1.4423e-25
1.3988e-25
1.3565e-25
1.3155e-25
8.1643e-26
7.9173e-26
7.6778e-26
7.4458e-26
7.2209e-26
7.0030e-26
6.7918e-26
6.5872e-26
6.3891e-26
6.1971e-26
6.0111e-26
5.8309e-26
5.6565e-26
5.4875e-26
5.3238e-26
5.1654e-26
5.0120e-26
4.8635e-26
4.7196e-26
4.5804e-26
4.4456e-26
4.3151e-26
4.1887e-26
4.0662e-26
3.9477e-26
3.8328e-26
3.7215e-26
3.6137e-26
3.5092e-26
3.4079e-26
3.3097e-26
3.2145e-26
3.1222e-26
3.0328e-26
2.9460e-26
2.8618e-26
2.7802e-26
2.7010e-26
2.6241e-26
2.5495e-26
2.4771e-26
2.4068e-26
2.3386e-26
2.2723e-26
2.2079e-26
2.1454e-26
2.0846e-26
2.0256e-26
1.9682e-26
1.9125e-26
1.8583e-26
1.8056e-26
1.7545e-26
1.7047e-26
1.6563e-26
1.6093e-26
1.5636e-26
1.5192e-26
1.4760e-26
1.4340e-26
1.3932e-26
1.3535e-26
1.3149e-26
1.2774e-26
1.2409e-26
1.2055e-26
1.1710e-26
1.1375e-26
1.1049e-26
1.0732e-26
1.0424e-26
1.0125e-26
9.8336e-27
9.5506e-27
9.2755e-27
9.0081e-27
8.7482e-27
8.4956e-27
8.2500e-27
8.0113e-27
7.7792e-27
7.5537e-27
7.3346e-27
7.1216e-27
6.9146e-27
6.7135e-27
6.5181e-27
6.3283e-27
6.1438e-27
5.9646e-27
5.7905e-27
5.6214e-27
5.4571e-27
5.2975e-27
5.1424e-27
4.9917e-27
4.8452e-27
4.7029e-27
4.5646e-27
4.4302e-27
4.2996e-27
4.1727e-27
4.0494e-27
3.9296e-27
3.8133e-27
3.7003e-27
3.5906e-27
3.4841e-27
3.3807e-27
3.2804e-27
3.1830e-27
3.0885e-27
2.9967e-27
2.9077e-27
2.8213e-27
2.7373e-27
2.6559e-27
2.5768e-27
2.5000e-27
2.4255e-27
2.3531e-27
2.2828e-27
2.2146e-27
2.1483e-27
2.0840e-27
2.0216e-27
1.9610e-27
1.9021e-27
1.8450e-27
1.7896e-27
1.7358e-27
1.6835e-27
1.6328e-27
1.5836e-27
1.5359e-27
1.4896e-27
1.4446e-27
1.4009e-27
1.3586e-27
1.3175e-27
1.2776e-27
1.2389e-27
1.2014e-27
1.1649e-27
1.1296e-27
1.0953e-27
1.0619e-27
1.0296e-27
9.9824e-28
9.6779e-28
9.3823e-28
9.0954e-28
8.8170e-28
8.5468e-28
8.2847e-28
8.0304e-28
7.7837e-28
7.5444e-28
7.3122e-28
7.0871e-28
6.8688e-28
6.6570e-28
6.4516e-28
6.2525e-28
6.0594e-28
5.8721e-28
5.6905e-28
5.5143e-28
5.3436e-28
5.1779e-28
5.0174e-28
4.8616e-28
4.7107e-28
4.5643e-28
4.4223e-28
4.2847e-28
4.1512e-28
4.0219e-28
3.8964e-28
3.7748e-28
3.6570e-28
3.5427e-28
3.4319e-28
3.3245e-28
3.2204e-28
3.1195e-28
3.0217e-28
2.9270e-28
2.8351e-28
2.7460e-28
2.6598e-28
2.5761e-28
2.4951e-28
2.4165e-28
2.3404e-28
2.2667e-28
2.1952e-28
2.1259e-28
2.0588e-28
1.9938e-28