1.4695e-05
2.3083e-05
3.5728e-05
5.4555e-05
8.2274e-05
1.2266e-04
1.8092e-04
2.6420e-04
3.8217e-04
5.4788e-04
7.7874e-04
1.0978e-03
1.5354e-03
2.1311e-03
2.9358e-03
4.0152e-03
5.4521e-03
7.3511e-03
9.8421e-03
1.3084e-02
1.7271e-02
2.2633e-02
2.9437e-02
3.7990e-02
4.8629e-02
6.1711e-02
7.7593e-02
9.6602e-02
1.1900e-01
1.4493e-01
1.7439e-01
2.0716e-01
2.4281e-01
2.8068e-01
3.1993e-01
3.5960e-01
3.9869e-01
4.3627e-01
4.7153e-01
5.0389e-01
5.3293e-01
5.5849e-01
5.8054e-01
5.9922e-01
6.1478e-01
6.2748e-01
6.3767e-01
6.4565e-01
6.5173e-01
6.5620e-01
6.5932e-01
6.6131e-01
6.6236e-01
6.6265e-01
6.6232e-01
6.6148e-01
6.6024e-01
6.5868e-01
6.5687e-01
6.5487e-01
6.5273e-01
6.5048e-01
6.4816e-01
6.4580e-01
6.4342e-01
6.4103e-01
6.3866e-01
6.3631e-01
6.3399e-01
6.3171e-01
6.2947e-01
6.2727e-01
6.2511e-01
6.2300e-01
6.2093e-01
6.1890e-01
6.1692e-01
6.1497e-01
6.1307e-01
6.1120e-01
6.0937e-01
6.0757e-01
6.0580e-01
6.0407e-01
6.0236e-01
6.0068e-01
5.9902e-01
5.9738e-01
5.9576e-01
5.9416e-01
5.9259e-01
5.9103e-01
5.8950e-01
5.8799e-01
5.8650e-01
5.8504e-01
5.8360e-01
5.8218e-01
5.8079e-01
5.7942e-01
5.7808e-01
5.7677e-01
5.7549e-01
5.7424e-01
5.7302e-01
5.7182e-01
1.1084e+00
1.1069e+00
1.1056e+00
1.1042e+00
1.1030e+00
1.1018e+00
1.1007e+00
1.0996e+00
1.0986e+00
1.0977e+00
1.0969e+00
1.0972e+00
1.0975e+00
1.0979e+00
1.0983e+00
1.0988e+00
1.0993e+00
1.0999e+00
1.1005e+00
1.1011e+00
1.1018e+00
1.1025e+00
1.1032e+00
1.1040e+00
1.1048e+00
1.1056e+00
1.1065e+00
1.1075e+00
1.1084e+00
1.1095e+00
1.1105e+00
1.1117e+00
1.1128e+00
1.1141e+00
1.1154e+00
1.1167e+00
1.1181e+00
1.1196e+00
1.1211e+00
1.1227e+00
1.1243e+00
6.9101e-01
6.9023e-01
6.8953e-01
6.8889e-01
6.8831e-01
6.8778e-01
6.8731e-01
6.8689e-01
6.8652e-01
6.8619e-01
6.8590e-01
6.8565e-01
6.8544e-01
6.8525e-01
6.8507e-01
6.8492e-01
6.8477e-01
6.8463e-01
6.8449e-01
6.8435e-01
6.8421e-01
6.8406e-01
6.8391e-01
6.8375e-01
6.8358e-01
6.8342e-01
6.8325e-01
6.8308e-01
3.4981e-01
3.4963e-01
3.4903e-01
3.4839e-01
3.4775e-01
3.4711e-01
3.4648e-01
3.4585e-01
3.4523e-01
3.4461e-01
3.4401e-01
3.4341e-01
3.4282e-01
3.4225e-01
3.4168e-01
3.4113e-01
3.4059e-01
3.4006e-01
3.3955e-01
3.3905e-01
3.3857e-01
3.3810e-01
3.3765e-01
3.3722e-01
3.3680e-01
3.3639e-01
3.3600e-01
3.3563e-01
3.3527e-01
3.3493e-01
3.3460e-01
3.3429e-01
3.3399e-01
3.3370e-01
3.3344e-01
3.3319e-01
3.3296e-01
3.3274e-01
3.3255e-01
3.3237e-01
3.3221e-01
3.3207e-01
3.3195e-01
3.3185e-01
3.3177e-01
3.3171e-01
3.3166e-01
3.3164e-01
3.3164e-01
3.3165e-01
3.3169e-01
3.3174e-01
3.3181e-01
3.3190e-01
3.3201e-01
3.3213e-01
3.3227e-01
3.3242e-01
3.3259e-01
3.3277e-01
3.3295e-01
3.3315e-01
3.3335e-01
3.3356e-01
3.3378e-01
3.3401e-01
3.3425e-01
3.3450e-01
3.3475e-01
3.3502e-01
3.3530e-01
3.3559e-01
3.3589e-01
3.3621e-01
3.3653e-01
3.3686e-01
3.3719e-01
3.3753e-01
3.3787e-01
3.3821e-01
3.3855e-01
3.3889e-01
3.3923e-01
3.3956e-01
3.3989e-01
3.4022e-01
3.4054e-01
3.4086e-01
3.4119e-01
3.4151e-01
3.4183e-01
3.4216e-01
3.4249e-01
3.4281e-01
3.4314e-01
3.4347e-01
3.4380e-01
3.4413e-01
3.4446e-01
3.4479e-01
3.4513e-01
3.4546e-01
3.4579e-01
3.4612e-01
3.4645e-01
3.4679e-01
3.4712e-01
3.4745e-01
3.4778e-01
3.4811e-01
3.4843e-01
3.4876e-01
3.4908e-01
3.4940e-01
3.4973e-01
3.5005e-01
3.5037e-01
3.5070e-01
3.5103e-01
3.5137e-01
3.5171e-01
3.5206e-01
3.5242e-01
3.5278e-01
3.5315e-01
3.5352e-01
3.5389e-01
3.5427e-01
3.5465e-01
3.5502e-01
3.5539e-01
3.5575e-01
3.5611e-01
3.5647e-01
3.5682e-01
3.5717e-01
3.5752e-01
3.5786e-01
3.5821e-01
3.5856e-01
3.5892e-01
3.5928e-01
3.5965e-01
3.6002e-01
3.6040e-01
3.6078e-01
3.6117e-01
3.6157e-01
3.6196e-01
3.6236e-01
3.6276e-01
3.6316e-01
3.6356e-01
3.6396e-01
3.6436e-01
3.6476e-01
3.6516e-01
3.6556e-01
3.6596e-01
3.6636e-01
3.6676e-01
3.6716e-01
3.6756e-01
3.6796e-01
3.6836e-01
3.6876e-01
3.6917e-01
3.6957e-01
3.6997e-01
3.7037e-01
3.7078e-01
3.7118e-01