2.0687e-35
3.4269e-35
5.4843e-35
8.3779e-35
1.1924e-34
1.4986e-34
1.4446e-34
2.6823e-35
8.3711e-35
1.8272e-34
3.9132e-34
8.2399e-34
1.7063e-33
3.4767e-33
6.9729e-33
1.3772e-32
2.6801e-32
5.1407e-32
9.7240e-32
1.8147e-31
3.3432e-31
6.0828e-31
1.0937e-30
1.9443e-30
3.4198e-30
5.9551e-30
1.0273e-29
1.7570e-29
2.9812e-29
5.0218e-29
8.4039e-29
1.3981e-28
2.3137e-28
3.8104e-28
6.2477e-28
1.0202e-27
1.6593e-27
2.6882e-27
4.3376e-27
6.9690e-27
1.1146e-26
1.7737e-26
2.8065e-26
4.4142e-26
6.8976e-26
1.0702e-25
1.6481e-25
2.5176e-25
3.8130e-25
5.7232e-25
8.5089e-25
1.2524e-24
1.8236e-24
2.6248e-24
3.7306e-24
5.2282e-24
7.2113e-24
9.7675e-24
1.2958e-23
1.6789e-23
2.1189e-23
2.5994e-23
3.0960e-23
3.5797e-23
4.0229e-23
4.4037e-23
4.7094e-23
4.9360e-23
5.0868e-23
5.1699e-23
5.1956e-23
5.1744e-23
5.1166e-23
5.0309e-23
4.9249e-23
4.8046e-23
4.6751e-23
4.5404e-23
4.4034e-23
4.2666e-23
4.1317e-23
4.0002e-23
3.8730e-23
3.7504e-23
3.6328e-23
3.5199e-23
3.4112e-23
3.3063e-23
3.2045e-23
3.1053e-23
3.0081e-23
2.9127e-23
2.8190e-23
2.7269e-23
2.6366e-23
2.5482e-23
2.4618e-23
2.3776e-23
2.2957e-23
2.2163e-23
2.1392e-23
2.0647e-23
1.9927e-23
1.9231e-23
1.8559e-23
1.7911e-23
1.7287e-23
1.6685e-23
1.6105e-23
1.5547e-23
1.5010e-23
1.4492e-23
1.3995e-23
1.3516e-23
1.3056e-23
1.2614e-23
1.2190e-23
1.1783e-23
1.1393e-23
1.1019e-23
1.0661e-23
1.0320e-23
9.9934e-24
9.6822e-24
9.3854e-24
9.1024e-24
8.8323e-24
8.5742e-24
8.3268e-24
8.0890e-24
7.8596e-24
7.6374e-24
7.4213e-24
7.2105e-24
7.0044e-24
6.8025e-24
6.6047e-24
6.4108e-24
6.2209e-24
6.0350e-24
5.8531e-24
5.6756e-24
5.5023e-24
5.3335e-24
5.1691e-24
5.0093e-24
4.8539e-24
4.7029e-24
4.5564e-24
4.4143e-24
4.2765e-24
4.1428e-24
4.0134e-24
3.8879e-24
3.7664e-24
3.6488e-24
3.5348e-24
3.4245e-24
3.3176e-24
3.2142e-24
3.1141e-24
3.0171e-24
2.9232e-24
2.8324e-24
2.7444e-24
2.6593e-24
2.5769e-24
2.4972e-24
2.4200e-24
2.3453e-24
2.2731e-24
2.2031e-24
2.1354e-24
2.0699e-24