4.3248e-01
4.4563e-01
4.5759e-01
4.6820e-01
4.7713e-01
4.8364e-01
4.8486e-01
4.4037e-01
4.5391e-01
4.5823e-01
4.6258e-01
4.6655e-01
4.6952e-01
4.7097e-01
4.7059e-01
4.6817e-01
4.6362e-01
4.5697e-01
4.4835e-01
4.3800e-01
4.2619e-01
4.1329e-01
3.9977e-01
3.8614e-01
3.7306e-01
3.6130e-01
3.5173e-01
3.4536e-01
3.4329e-01
3.4670e-01
3.5675e-01
3.7454e-01
4.0095e-01
4.3649e-01
4.8111e-01
5.3400e-01
5.9338e-01
6.5632e-01
7.1873e-01
7.7555e-01
8.2126e-01
8.5071e-01
8.7142e-01
8.6576e-01
8.3551e-01
7.8537e-01
7.2164e-01
6.5078e-01
5.7836e-01
5.0853e-01
4.4398e-01
3.8612e-01
3.3545e-01
2.9189e-01
2.5497e-01
2.2409e-01
1.9859e-01
1.7783e-01
1.6123e-01
1.4827e-01
1.3850e-01
1.3155e-01
1.2707e-01
1.2478e-01
1.2442e-01
1.2575e-01
1.2859e-01
1.3275e-01
1.3809e-01
1.4448e-01
1.5182e-01
1.6002e-01
1.6897e-01
1.7860e-01
1.8880e-01
1.9947e-01
2.1048e-01
2.2169e-01
2.3292e-01
2.4398e-01
2.5466e-01
2.6471e-01
2.7391e-01
2.8203e-01
2.8886e-01
2.9425e-01
2.9807e-01
3.0028e-01
3.0088e-01
2.9991e-01
2.9748e-01
2.9368e-01
2.8867e-01
2.8259e-01
2.7560e-01
2.6786e-01
2.5951e-01
2.5069e-01
2.4153e-01
2.3216e-01
2.2266e-01
2.1314e-01
2.0366e-01
1.9428e-01
1.8506e-01
1.7601e-01
1.6718e-01
1.5857e-01
1.5020e-01
1.4208e-01
1.3421e-01
1.2659e-01
1.1922e-01
1.1210e-01
1.0522e-01
9.8590e-02
9.2203e-02
8.6058e-02
8.0157e-02
7.4498e-02
6.9082e-02
6.3909e-02
5.8979e-02
5.4292e-02
4.9846e-02
4.5641e-02
4.1675e-02
3.7944e-02
3.4445e-02
3.1174e-02
2.8125e-02
2.5293e-02
2.2672e-02
2.0254e-02
1.8032e-02
1.5998e-02
1.4144e-02
1.2460e-02
1.0939e-02
9.5685e-03
8.3404e-03
7.2444e-03
6.2706e-03
5.4091e-03
4.6504e-03
3.9849e-03
3.4038e-03
2.8984e-03
2.4607e-03
2.0830e-03
1.7585e-03
1.4806e-03
1.2434e-03
1.0417e-03
8.7063e-04
7.2592e-04
6.0381e-04
5.0099e-04
4.1454e-04
3.4197e-04
2.8112e-04
2.3016e-04
1.8752e-04
1.5191e-04
1.2223e-04
9.7563e-05
7.7158e-05
6.0387e-05
4.6719e-05
3.5700e-05
2.6932e-05
2.0059e-05
1.4755e-05
1.0729e-05