1.4084e-01
1.4506e-01
1.4889e-01
1.5228e-01
1.5512e-01
1.5717e-01
1.5749e-01
1.4298e-01
1.4731e-01
1.4865e-01
1.5000e-01
1.5123e-01
1.5213e-01
1.5255e-01
1.5237e-01
1.5153e-01
1.5000e-01
1.4780e-01
1.4497e-01
1.4158e-01
1.3772e-01
1.3351e-01
1.2911e-01
1.2467e-01
1.2042e-01
1.1659e-01
1.1348e-01
1.1140e-01
1.1070e-01
1.1178e-01
1.1500e-01
1.2071e-01
1.2919e-01
1.4062e-01
1.5497e-01
1.7198e-01
1.9107e-01
2.1130e-01
2.3136e-01
2.4961e-01
2.6429e-01
2.7373e-01
2.8036e-01
2.7851e-01
2.6875e-01
2.5259e-01
2.3207e-01
2.0926e-01
1.8595e-01
1.6348e-01
1.4271e-01
1.2410e-01
1.0780e-01
9.3789e-02
8.1915e-02
7.1984e-02
6.3784e-02
5.7107e-02
5.1768e-02
4.7599e-02
4.4458e-02
4.2219e-02
4.0776e-02
4.0034e-02
3.9910e-02
4.0332e-02
4.1236e-02
4.2570e-02
4.4282e-02
4.6332e-02
4.8686e-02
5.1312e-02
5.4182e-02
5.7267e-02
6.0536e-02
6.3954e-02
6.7481e-02
7.1070e-02
7.4665e-02
7.8206e-02
8.1621e-02
8.4838e-02
8.7784e-02
9.0395e-02
9.2595e-02
9.4329e-02
9.5564e-02
9.6279e-02
9.6476e-02
9.6170e-02
9.5391e-02
9.4175e-02
9.2569e-02
9.0619e-02
8.8376e-02
8.5890e-02
8.3208e-02
8.0377e-02
7.7438e-02
7.4442e-02
7.1410e-02
6.8367e-02
6.5336e-02
6.2336e-02
5.9383e-02
5.6486e-02
5.3656e-02
5.0897e-02
4.8214e-02
4.5608e-02
4.3082e-02
4.0636e-02
3.8270e-02
3.5983e-02
3.3775e-02
3.1646e-02
2.9594e-02
2.7626e-02
2.5736e-02
2.3923e-02
2.2187e-02
2.0529e-02
1.8947e-02
1.7444e-02
1.6017e-02
1.4667e-02
1.3393e-02
1.2195e-02
1.1071e-02
1.0020e-02
9.0399e-03
8.1297e-03
7.2870e-03
6.5097e-03
5.7955e-03
5.1417e-03
4.5456e-03
4.0051e-03
3.5165e-03
3.0766e-03
2.6821e-03
2.3300e-03
2.0171e-03
1.7402e-03
1.4962e-03
1.2822e-03
1.0953e-03
9.3278e-04
7.9195e-04
6.7044e-04
5.6600e-04
4.7657e-04
4.0024e-04
3.3531e-04
2.8023e-04
2.3365e-04
1.9434e-04
1.6124e-04
1.3341e-04
1.1005e-04
9.0465e-05
7.4060e-05
6.0337e-05
4.8876e-05
3.9323e-05
3.1386e-05
2.4820e-05
1.9424e-05
1.5027e-05
1.1483e-05