6.6852e+01
6.3410e+01
6.0050e+01
5.6768e+01
5.3547e+01
5.0325e+01
4.6861e+01
3.9596e+01
3.8033e+01
3.5836e+01
3.3818e+01
3.1933e+01
3.0132e+01
2.8381e+01
2.6666e+01
2.4980e+01
2.3324e+01
2.1704e+01
2.0130e+01
1.8612e+01
1.7162e+01
1.5791e+01
1.4509e+01
1.3327e+01
1.2259e+01
1.1315e+01
1.0510e+01
9.8568e+00
9.3676e+00
9.0541e+00
8.9251e+00
8.9850e+00
9.2315e+00
9.6542e+00
1.0231e+01
1.0928e+01
1.1695e+01
1.2469e+01
1.3172e+01
1.3722e+01
1.4039e+01
1.4061e+01
1.3936e+01
1.3405e+01
1.2534e+01
1.1423e+01
1.0183e+01
8.9142e+00
7.6950e+00
6.5757e+00
5.5827e+00
4.7239e+00
3.9952e+00
3.3858e+00
2.8820e+00
2.4694e+00
2.1345e+00
1.8652e+00
1.6509e+00
1.4828e+00
1.3534e+00
1.2566e+00
1.1871e+00
1.1406e+00
1.1133e+00
1.1021e+00
1.1043e+00
1.1176e+00
1.1402e+00
1.1707e+00
1.2076e+00
1.2499e+00
1.2968e+00
1.3473e+00
1.4004e+00
1.4553e+00
1.5110e+00
1.5665e+00
1.6205e+00
1.6719e+00
1.7193e+00
1.7613e+00
1.7967e+00
1.8243e+00
1.8430e+00
1.8524e+00
1.8519e+00
1.8418e+00
1.8224e+00
1.7943e+00
1.7584e+00
1.7156e+00
1.6671e+00
1.6139e+00
1.5570e+00
1.4973e+00
1.4356e+00
1.3729e+00
1.3098e+00
1.2469e+00
1.1847e+00
1.1237e+00
1.0642e+00
1.0063e+00
9.5041e-01
8.9649e-01
8.4463e-01
7.9486e-01
7.4715e-01
7.0148e-01
6.5781e-01
6.1607e-01
5.7621e-01
5.3816e-01
5.0186e-01
4.6726e-01
4.3431e-01
4.0300e-01
3.7325e-01
3.4500e-01
3.1822e-01
2.9288e-01
2.6894e-01
2.4637e-01
2.2514e-01
2.0521e-01
1.8655e-01
1.6913e-01
1.5290e-01
1.3783e-01
1.2388e-01
1.1099e-01
9.9133e-02
8.8255e-02
7.8313e-02
6.9259e-02
6.1045e-02
5.3622e-02
4.6941e-02
4.0951e-02
3.5604e-02
3.0850e-02
2.6642e-02
2.2934e-02
1.9678e-02
1.6830e-02
1.4350e-02
1.2199e-02
1.0340e-02
8.7401e-03
7.3680e-03
6.1955e-03
5.1968e-03
4.3487e-03
3.6307e-03
3.0243e-03
2.5133e-03
2.0836e-03
1.7228e-03
1.4202e-03
1.1668e-03
9.5481e-04
7.7760e-04
6.2970e-04
5.0650e-04
4.0419e-04
3.1961e-04
2.5012e-04
1.9350e-04
1.4787e-04
1.1157e-04
8.3108e-05
6.1149e-05
4.4480e-05
3.2028e-05
2.2863e-05
1.6207e-05
1.1427e-05