4.5519e+01
4.3174e+01
4.0887e+01
3.8653e+01
3.6462e+01
3.4271e+01
3.1914e+01
2.6966e+01
2.5901e+01
2.4405e+01
2.3032e+01
2.1749e+01
2.0524e+01
1.9333e+01
1.8167e+01
1.7020e+01
1.5895e+01
1.4795e+01
1.3726e+01
1.2695e+01
1.1710e+01
1.0779e+01
9.9075e+00
9.1047e+00
8.3784e+00
7.7373e+00
7.1903e+00
6.7467e+00
6.4152e+00
6.2040e+00
6.1191e+00
6.1637e+00
6.3363e+00
6.6301e+00
7.0305e+00
7.5138e+00
8.0461e+00
8.5836e+00
9.0735e+00
9.4584e+00
9.6833e+00
9.7046e+00
9.6250e+00
9.2652e+00
8.6696e+00
7.9068e+00
7.0537e+00
6.1798e+00
5.3389e+00
4.5662e+00
3.8800e+00
3.2860e+00
2.7817e+00
2.3597e+00
2.0106e+00
1.7245e+00
1.4922e+00
1.3053e+00
1.1567e+00
1.0401e+00
9.5047e-01
8.8352e-01
8.3566e-01
8.0383e-01
7.8546e-01
7.7836e-01
7.8068e-01
7.9087e-01
8.0766e-01
8.2999e-01
8.5693e-01
8.8773e-01
9.2173e-01
9.5828e-01
9.9678e-01
1.0366e+00
1.0770e+00
1.1173e+00
1.1566e+00
1.1940e+00
1.2287e+00
1.2595e+00
1.2857e+00
1.3062e+00
1.3205e+00
1.3281e+00
1.3287e+00
1.3223e+00
1.3092e+00
1.2899e+00
1.2650e+00
1.2350e+00
1.2009e+00
1.1632e+00
1.1228e+00
1.0803e+00
1.0364e+00
9.9157e-01
9.4644e-01
9.0143e-01
8.5690e-01
8.1317e-01
7.7045e-01
7.2894e-01
6.8876e-01
6.4999e-01
6.1267e-01
5.7683e-01
5.4245e-01
5.0952e-01
4.7801e-01
4.4788e-01
4.1908e-01
3.9157e-01
3.6531e-01
3.4027e-01
3.1641e-01
2.9370e-01
2.7210e-01
2.5159e-01
2.3213e-01
2.1371e-01
1.9630e-01
1.7988e-01
1.6442e-01
1.4991e-01
1.3632e-01
1.2362e-01
1.1179e-01
1.0080e-01
9.0618e-02
8.1213e-02
7.2554e-02
6.4608e-02
5.7343e-02
5.0725e-02
4.4719e-02
3.9290e-02
3.4402e-02
3.0018e-02
2.6104e-02
2.2622e-02
1.9539e-02
1.6820e-02
1.4433e-02
1.2346e-02
1.0527e-02
8.9500e-03
7.5869e-03
6.4135e-03
5.4070e-03
4.5468e-03
3.8141e-03
3.1919e-03
2.6650e-03
2.2200e-03
1.8450e-03
1.5296e-03
1.2648e-03
1.0427e-03
8.5666e-04
7.0101e-04
5.7091e-04
4.6232e-04
3.7187e-04
2.9676e-04
2.3465e-04
1.8363e-04
1.4206e-04
1.0855e-04
8.1897e-05
6.1002e-05
4.4881e-05
3.2644e-05
2.3504e-05
1.6777e-05
1.1891e-05